100303,101,1,0
100303,140103,2,0
100303,140104,3,0
100303,140105,4,0
100303,140106,5,0
100303,140201,6,0
100303,140202,7,0
100303,140203,8,0
100303,140301,9,0
100303,140401,10,0
100303,140402,11,0
100303,140403,12,0
100303,140404,13,0
100303,140405,14,0
100303,140406,15,0
100303,140407,16,0
100303,140408,17,0
100303,140409,18,0
100303,140501,19,0
100303,140502,20,0
100303,140503,21,0
100303,140504,22,0
100303,140505,23,0
100303,140506,24,0
100303,140507,25,0
100303,140508,26,0
100303,140509,27,0
100303,140600,28,0
100303,140601,29,0
100303,140602,30,0
100303,140701,31,0
100303,140702,32,0
100303,140703,33,0
100303,140704,34,0
100303,140801,35,0
100303,140802,36,0
100303,140803,37,0
100303,140804,38,0
100303,140805,39,0
100303,140806,40,0
100303,140807,41,0
100303,140808,42,0
100303,140809,43,0
100303,140810,44,0
100303,140811,45,0
100303,140901,46,0
100303,140902,47,0
100303,140903,48,0
100303,140904,49,0
100303,140905,50,0
100303,140906,51,0
100303,141001,52,0
100303,141002,53,0
100303,141003,54,0
100303,141004,55,0
100303,141005,56,0
100303,1006,57,1
100304,1012,1,0
100304,191005,2,0
100304,191004,3,0
100304,191003,4,0
100304,191002,5,0
100304,191001,6,0
100304,190906,7,0
100304,190905,8,0
100304,190904,9,0
100304,190903,10,0
100304,190902,11,0
100304,190901,12,0
100304,190811,13,0
100304,190810,14,0
100304,190809,15,0
100304,190808,16,0
100304,190807,17,0
100304,190806,18,0
100304,190805,19,0
100304,190804,20,0
100304,190803,21,0
100304,190802,22,0
100304,190801,23,0
100304,190704,24,0
100304,190703,25,0
100304,190702,26,0
100304,190701,27,0
100304,190602,28,0
100304,190601,29,0
100304,190600,30,0
100304,190509,31,0
100304,190508,32,0
100304,190507,33,0
100304,190506,34,0
100304,190505,35,0
100304,190504,36,0
100304,190503,37,0
100304,190502,38,0
100304,190501,39,0
100304,190409,40,0
100304,190408,41,0
100304,190407,42,0
100304,190406,43,0
100304,190405,44,0
100304,190404,45,0
100304,190403,46,0
100304,190402,47,0
100304,190401,48,0
100304,190301,49,0
100304,190203,50,0
100304,190202,51,0
100304,190201,52,0
100304,190106,53,0
100304,190105,54,0
100304,190104,55,0
100304,190102,56,0
100304,101,57,1
101403,141004,1,0
101403,1006,2,0
101403,141014,3,0
101403,141016,4,0
101403,141020,5,0
101403,141030,6,0
101403,141040,7,0
101403,141050,8,0
101403,141060,9,0
101403,141070,10,0
101403,141080,11,0
101403,141090,12,0
101403,141110,13,0
101403,141120,14,0
101403,141130,15,0
101403,141140,16,0
101403,141150,17,1
101404,191150,1,0
101404,191140,2,0
101404,191130,3,0
101404,191120,4,0
101404,191110,5,0
101404,191090,6,0
101404,191080,7,0
101404,191070,8,0
101404,191060,9,0
101404,191050,10,0
101404,191040,11,0
101404,191030,12,0
101404,191020,13,0
101404,191016,14,0
101404,191014,15,0
101404,1012,16,0
101404,191004,17,1
