1003019,101,1,0
1003019,140103,2,0
1003019,140104,3,0
1003019,140105,4,0
1003019,140106,5,0
1003019,140201,6,0
1003019,140202,7,0
1003019,140203,8,0
1003019,140301,9,0
1003019,140401,10,0
1003019,140402,11,0
1003019,140403,12,0
1003019,140404,13,0
1003019,140405,14,0
1003019,140406,15,0
1003019,140407,16,0
1003019,140408,17,0
1003019,140409,18,0
1003019,140501,19,0
1003019,140502,20,0
1003019,140503,21,0
1003019,1140503,22,0
1003019,140504,23,0
1003019,140505,24,0
1003019,140506,25,0
1003019,140507,26,0
1003019,140508,27,0
1003019,140509,28,0
1003019,140600,29,0
1003019,140601,30,0
1003019,140602,31,0
1003019,140701,32,0
1003019,140702,33,0
1003019,140703,34,0
1003019,140704,35,0
1003019,140801,36,0
1003019,140802,37,0
1003019,140803,38,0
1003019,140804,39,0
1003019,140805,40,0
1003019,140806,41,0
1003019,140807,42,0
1003019,140808,43,0
1003019,140809,44,0
1003019,140810,45,0
1003019,140811,46,0
1003019,140901,47,0
1003019,149011,48,0
1003019,140902,49,0
1003019,140903,50,0
1003019,140904,51,0
1003019,140905,52,0
1003019,140906,53,0
1003019,141001,54,0
1003019,141002,55,0
1003019,141003,56,0
1003019,141004,57,1
1003029,191004,1,0
1003029,191003,2,0
1003029,191002,3,0
1003029,191001,4,0
1003029,190906,5,0
1003029,190905,6,0
1003029,190904,7,0
1003029,190903,8,0
1003029,190902,9,0
1003029,199011,10,0
1003029,190901,11,0
1003029,190811,12,0
1003029,190810,13,0
1003029,190809,14,0
1003029,190808,15,0
1003029,190807,16,0
1003029,190806,17,0
1003029,190805,18,0
1003029,190804,19,0
1003029,190803,20,0
1003029,190802,21,0
1003029,190801,22,0
1003029,190704,23,0
1003029,190703,24,0
1003029,190702,25,0
1003029,190701,26,0
1003029,190602,27,0
1003029,190601,28,0
1003029,190600,29,0
1003029,190509,30,0
1003029,190508,31,0
1003029,190507,32,0
1003029,190506,33,0
1003029,190505,34,0
1003029,190504,35,0
1003029,1190503,36,0
1003029,190503,37,0
1003029,190502,38,0
1003029,190501,39,0
1003029,190409,40,0
1003029,190408,41,0
1003029,190407,42,0
1003029,190406,43,0
1003029,190405,44,0
1003029,190404,45,0
1003029,190403,46,0
1003029,190402,47,0
1003029,190401,48,0
1003029,190301,49,0
1003029,190203,50,0
1003029,190202,51,0
1003029,190201,52,0
1003029,190106,53,0
1003029,190105,54,0
1003029,190104,55,0
1003029,190102,56,0
1003029,101,57,1
